10000 4 18
20000 2 16
30000 4 25
40000 6 35
50000 7 44
60000 9 53
70000 11 63
80000 12 73
90000 14 82
100000 16 92
110000 18 102
120000 20 112
130000 22 120
140000 24 131
150000 25 142
160000 27 151
170000 29 162
180000 32 171
190000 33 181
200000 35 191
210000 37 201
220000 39 210
230000 40 220
240000 43 229
250000 44 239
260000 47 248
270000 48 260
280000 51 272
290000 53 282
300000 54 292
310000 56 303
320000 58 313
330000 60 322
340000 62 333
350000 65 343
360000 67 353
370000 70 363
380000 70 373
390000 73 382
400000 74 394
410000 76 405
420000 79 415
430000 81 424
440000 82 434
450000 86 443
460000 87 455
470000 87 493
480000 92 479
490000 94 490
500000 95 500
