1000 1771
990 1771
980 1772
970 1051
960 1051
950 1051
940 1050
930 1050
920 1051
910 1050
900 1049
890 1051
880 1049
870 1052
860 1052
850 1050
840 1050
830 1052
820 1051
810 1052
800 1050
790 1051
780 1050
770 1051
760 1050
750 1052
740 1051
730 1051
720 1052
710 1051
700 1051
690 1051
680 1051
670 1050
660 1051
650 1052
640 1051
630 1051
620 1052
610 1053
600 1051
590 1051
580 1051
570 1050
560 1051
550 1052
540 1052
530 1052
520 1051
510 1052
500 1052
490 1052
480 704
470 703
460 702
450 703
440 702
430 702
420 707
410 703
400 703
390 702
380 703
370 703
360 702
350 702
340 703
330 702
320 702
310 702
300 702
290 702
280 703
270 702
260 702
250 702
240 543
230 542
220 542
210 543
200 543
190 543
180 543
170 543
160 543
150 543
140 542
130 543
120 479
110 479
100 480
90 479
80 479
70 479
60 467
50 467
40 467
30 488
20 487
10 538
0 1014
